{
 "cells": [
  {
   "cell_type": "code",
   "execution_count": 32,
   "metadata": {},
   "outputs": [],
   "source": [
    "import numpy as np\n",
    "from ase.units import Bohr"
   ]
  },
  {
   "cell_type": "code",
   "execution_count": 36,
   "metadata": {},
   "outputs": [],
   "source": [
    "mace_A = np.array([[12.3093, 12.1329, 12.0988,  5.1543,  4.2336,  7.7185,  3.6253,\n",
    "           4.2947,  3.0138,  5.5820,  4.2280,  4.9360,  2.4284,  2.7878,\n",
    "           2.3877,  2.4401,  2.1095,  2.5919],\n",
    "         [12.1329, 26.2069,  8.8794,  5.2272,  4.1096,  7.3058,  4.2012,\n",
    "           4.9574,  3.4569,  8.1795,  5.5787,  6.6111,  2.4132,  2.8120,\n",
    "           2.3191,  2.6872,  2.2921,  2.7999],\n",
    "         [12.0988,  8.8794, 26.2069,  3.8544,  3.3304,  5.1676,  3.0617,\n",
    "           3.4332,  2.5940,  4.9526,  4.0152,  4.1915,  2.1346,  2.4047,\n",
    "           2.1269,  2.1138,  1.8585,  2.2147],\n",
    "         [ 5.1543,  5.2272,  3.8544, 12.3093, 12.0870, 12.1824,  5.0507,\n",
    "           7.6417,  4.3258,  3.9403,  3.1488,  4.4363,  4.1130,  5.1052,\n",
    "           3.7467,  3.9286,  3.1987,  4.7277],\n",
    "         [ 4.2336,  4.1096,  3.3304, 12.0870, 26.2069,  8.8619,  3.8791,\n",
    "           5.2523,  3.5338,  3.1504,  2.6236,  3.4209,  4.1910,  4.8028,\n",
    "           3.8543,  3.6216,  3.0751,  4.5190],\n",
    "         [ 7.7185,  7.3058,  5.1676, 12.1824,  8.8619, 26.2069,  4.6218,\n",
    "           6.5163,  3.8142,  4.5350,  3.4892,  4.8303,  3.3769,  4.0492,\n",
    "           3.2184,  3.2353,  2.7014,  3.6655],\n",
    "         [ 3.6253,  4.2012,  3.0617,  5.0507,  3.8791,  4.6218, 12.3093,\n",
    "          12.0367, 12.1983,  5.1471,  4.3184,  7.8216,  3.5906,  4.7398,\n",
    "           3.1545,  5.1214,  3.8500,  4.8546],\n",
    "         [ 4.2947,  4.9574,  3.4332,  7.6417,  5.2523,  6.5163, 12.0367,\n",
    "          26.2069,  9.0872,  5.1580,  4.0676,  7.2588,  3.9625,  5.3742,\n",
    "           3.4596,  5.1828,  3.8468,  5.4614],\n",
    "         [ 3.0138,  3.4569,  2.5940,  4.3258,  3.5338,  3.8142, 12.1983,\n",
    "           9.0872, 26.2069,  4.1728,  3.7224,  5.6964,  3.5334,  4.5369,\n",
    "           3.0134,  6.9610,  4.9075,  5.8055],\n",
    "         [ 5.5820,  8.1795,  4.9526,  3.9403,  3.1504,  4.5350,  5.1471,\n",
    "           5.1580,  4.1728, 12.3093, 12.1986, 11.9618,  2.2785,  2.6845,\n",
    "           2.1549,  2.8408,  2.4046,  2.7879],\n",
    "         [ 4.2280,  5.5787,  4.0152,  3.1488,  2.6236,  3.4892,  4.3184,\n",
    "           4.0676,  3.7224, 12.1986, 26.2069,  8.9488,  2.0263,  2.3473,\n",
    "           1.9198,  2.5909,  2.2386,  2.4868],\n",
    "         [ 4.9360,  6.6111,  4.1915,  4.4363,  3.4209,  4.8303,  7.8216,\n",
    "           7.2588,  5.6964, 11.9618,  8.9488, 26.2069,  2.6169,  3.1797,\n",
    "           2.4370,  3.3610,  2.7586,  3.2614],\n",
    "         [ 2.4284,  2.4132,  2.1346,  4.1130,  4.1910,  3.3769,  3.5906,\n",
    "           3.9625,  3.5334,  2.2785,  2.0263,  2.6169, 12.3093, 12.0532,\n",
    "          12.1917,  3.8513,  3.4596,  4.6844],\n",
    "         [ 2.7878,  2.8120,  2.4047,  5.1052,  4.8028,  4.0492,  4.7398,\n",
    "           5.3742,  4.5369,  2.6845,  2.3473,  3.1797, 12.0532, 26.2069,\n",
    "           8.8678,  4.5402,  3.8093,  5.5569],\n",
    "         [ 2.3877,  2.3191,  2.1269,  3.7467,  3.8543,  3.2184,  3.1545,\n",
    "           3.4596,  3.0134,  2.1549,  1.9198,  2.4370, 12.1917,  8.8678,\n",
    "          26.2069,  3.0917,  2.8145,  3.6174],\n",
    "         [ 2.4401,  2.6872,  2.1138,  3.9286,  3.6216,  3.2353,  5.1214,\n",
    "           5.1828,  6.9610,  2.8408,  2.5909,  3.3610,  3.8513,  4.5402,\n",
    "           3.0917, 12.3093, 12.1327, 12.1216],\n",
    "         [ 2.1095,  2.2921,  1.8585,  3.1987,  3.0751,  2.7014,  3.8500,\n",
    "           3.8468,  4.9075,  2.4046,  2.2386,  2.7586,  3.4596,  3.8093,\n",
    "           2.8145, 12.1327, 26.2069,  9.4453],\n",
    "         [ 2.5919,  2.7999,  2.2147,  4.7277,  4.5190,  3.6655,  4.8546,\n",
    "           5.4614,  5.8055,  2.7879,  2.4868,  3.2614,  4.6844,  5.5569,\n",
    "           3.6174, 12.1216,  9.4453, 26.2069]])\n"
   ]
  },
  {
   "cell_type": "code",
   "execution_count": 37,
   "metadata": {},
   "outputs": [],
   "source": [
    "kqeq_A = np.array([[12.30928775, 12.132926,   12.09884048,  5.15427273,  4.23362443,  7.71850463,\n",
    "   3.62532353,  4.29467205,  3.01377399,  5.5820042,   4.22803901,  4.93595659,\n",
    "   2.42838768,  2.7878443,   2.38769854,  2.44008526,  2.10953084,  2.59191113],\n",
    " [12.132926  , 26.20687069,  8.87944289,  5.22715856,  4.10958329,  7.30579042,\n",
    "   4.20124641,  4.95742215,  3.45690548,  8.17954627,  5.57869236,  6.61108144,\n",
    "   2.41323863,  2.81197904,  2.31909596,  2.68716611,  2.29205883,  2.79994903],\n",
    " [12.09884048,  8.87944289, 26.20687069,  3.85439687,  3.33044575,  5.1676267,\n",
    "   3.06167785,  3.43319306,  2.59402956,  4.95263307,  4.01522095,  4.19147576,\n",
    "   2.13458942,  2.40469197,  2.12694156,  2.11382262,  1.85848506,  2.21474122],\n",
    " [ 5.15427273,  5.22715856,  3.85439687, 12.30928775, 12.08704474, 12.18235473,\n",
    "   5.05071651,  7.6416687,   4.32579465,  3.94032669,  3.14882105,  4.4362833,\n",
    "   4.11298328,  5.10522012,  3.74674004,  3.92857088,  3.19866483,  4.72767742],\n",
    " [ 4.23362443,  4.10958329,  3.33044575, 12.08704474, 26.20687069,  8.86189933,\n",
    "   3.87907124,  5.25229879,  3.53377088,  3.15036954,  2.62356388,  3.42094953,\n",
    "   4.19096654,  4.80277465,  3.85425564,  3.62157522,  3.07514217,  4.51900674],\n",
    " [ 7.71850463,  7.30579042,  5.1676267,  12.18235473,  8.86189933, 26.20687069,\n",
    "   4.6218463 ,  6.51626811,  3.81417804,  4.53501122,  3.48915285,  4.83026229,\n",
    "   3.37693686,  4.04917436,  3.21839792,  3.23529965,  2.70135167,  3.66549722],\n",
    " [ 3.62532353,  4.20124641,  3.06167785,  5.05071651,  3.87907124,  4.6218463,\n",
    "  12.30928775, 12.03670513, 12.19826893,  5.1470702,   4.31836088,  7.82159554,\n",
    "   3.59059684,  4.73976872,  3.15445613,  5.12137012,  3.85003388,  4.85456297],\n",
    " [ 4.29467205,  4.95742215,  3.43319306,  7.6416687,   5.25229879,  6.51626811,\n",
    "  12.03670513, 26.20687069,  9.08720253,  5.15804259,  4.06763766,  7.2588391,\n",
    "   3.96245992,  5.37420313,  3.45958821,  5.18279561,  3.84681164,  5.46136504],\n",
    " [ 3.01377399,  3.45690548,  2.59402956,  4.32579465,  3.53377088,  3.81417804,\n",
    "  12.19826893,  9.08720253, 26.20687069,  4.17282688,  3.72243898,  5.69639486,\n",
    "   3.53344562,  4.53685353,  3.01344146,  6.96101912,  4.90753684,  5.80548012],\n",
    " [ 5.5820042 ,  8.17954627,  4.95263307,  3.94032669,  3.15036954,  4.53501122,\n",
    "   5.1470702 ,  5.15804259,  4.17282688, 12.30928775, 12.19862847, 11.96180361,\n",
    "   2.27849972,  2.6845322,   2.15485812,  2.84080841,  2.40462811,  2.78788722],\n",
    " [ 4.22803901,  5.57869236,  4.01522095,  3.14882105,  2.62356388,  3.48915285,\n",
    "   4.31836088,  4.06763766,  3.72243898, 12.19862847, 26.20687069,  8.94881996,\n",
    "   2.02627355,  2.34734781,  1.91978859,  2.59093782,  2.23862594,  2.48683413],\n",
    " [ 4.93595659,  6.61108144,  4.19147576,  4.4362833,   3.42094953,  4.83026229,\n",
    "   7.82159554,  7.2588391,   5.69639486, 11.96180361,  8.94881996, 26.20687069,\n",
    "   2.61692676,  3.17974819,  2.43701468,  3.36098146,  2.75856899,  3.26142046],\n",
    " [ 2.42838768,  2.41323863,  2.13458942,  4.11298328,  4.19096654,  3.37693686,\n",
    "   3.59059684,  3.96245992,  3.53344562,  2.27849972,  2.02627355,  2.61692676,\n",
    "  12.30928775, 12.05316645, 12.19173438,  3.85127697,  3.45962696,  4.68436922],\n",
    " [ 2.7878443 ,  2.81197904,  2.40469197,  5.10522012,  4.80277465,  4.04917436,\n",
    "   4.73976872,  5.37420313,  4.53685353,  2.6845322,   2.34734781,  3.17974819,\n",
    "  12.05316645, 26.20687069,  8.86777487,  4.54020089,  3.80933107,  5.55686019],\n",
    " [ 2.38769854,  2.31909596,  2.12694156,  3.74674004,  3.85425564,  3.21839792,\n",
    "   3.15445613,  3.45958821,  3.01344146,  2.15485812,  1.91978859,  2.43701468,\n",
    "  12.19173438,  8.86777487, 26.20687069,  3.09173264,  2.81449624,  3.61738333],\n",
    " [ 2.44008526,  2.68716611,  2.11382262,  3.92857088,  3.62157522,  3.23529965,\n",
    "   5.12137012,  5.18279561,  6.96101912,  2.84080841,  2.59093782,  3.36098146,\n",
    "   3.85127697,  4.54020089,  3.09173264, 12.30928775, 12.13270934, 12.12164529],\n",
    " [ 2.10953084,  2.29205883,  1.85848506,  3.19866483,  3.07514217,  2.70135167,\n",
    "   3.85003388,  3.84681164,  4.90753684,  2.40462811,  2.23862594,  2.75856899,\n",
    "   3.45962696,  3.80933107,  2.81449624, 12.13270934, 26.20687069,  9.44533769],\n",
    " [ 2.59191113,  2.79994903,  2.21474122,  4.72767742,  4.51900674,  3.66549722,\n",
    "   4.85456297,  5.46136504,  5.80548012,  2.78788722,  2.48683413,  3.26142046,\n",
    "   4.68436922,  5.55686019,  3.61738333, 12.12164529,  9.44533769, 26.20687069]])\n"
   ]
  },
  {
   "cell_type": "code",
   "execution_count": 38,
   "metadata": {},
   "outputs": [
    {
     "data": {
      "text/plain": [
       "array([[1.000001  , 0.99999786, 0.99999665, 1.00000529, 0.99999423,\n",
       "        0.9999994 , 0.99999351, 1.00000651, 1.00000863, 0.99999925,\n",
       "        0.99999077, 1.00000879, 1.00000507, 0.99998411, 1.00000061,\n",
       "        1.00000604, 0.99998538, 0.99999571],\n",
       "       [0.99999786, 1.00000112, 0.99999517, 1.00000793, 1.00000407,\n",
       "        1.00000131, 0.99998895, 0.99999553, 0.99999841, 0.99999434,\n",
       "        1.00000137, 1.00000281, 0.99998399, 1.00000745, 1.00000174,\n",
       "        1.00001261, 1.00001796, 0.99998249],\n",
       "       [0.99999665, 0.99999517, 1.00000112, 1.00000081, 0.99998626,\n",
       "        0.99999483, 1.00000723, 1.00000202, 0.9999886 , 0.99999332,\n",
       "        0.99999478, 1.00000578, 1.00000496, 1.00000334, 0.99998046,\n",
       "        0.9999893 , 1.00000804, 0.99998139],\n",
       "       [1.00000529, 1.00000793, 1.00000081, 1.000001  , 0.9999963 ,\n",
       "        1.00000372, 0.99999673, 1.0000041 , 1.00000124, 0.99999323,\n",
       "        0.99999331, 1.00000376, 1.00000407, 0.99999606, 0.99998931,\n",
       "        1.00000741, 1.000011  , 1.00000478],\n",
       "       [0.99999423, 1.00000407, 0.99998626, 0.9999963 , 1.00000112,\n",
       "        1.00000008, 1.00000741, 1.00000023, 1.00000824, 1.00000967,\n",
       "        1.00001377, 0.99998552, 1.00000798, 1.00000528, 1.00001151,\n",
       "        1.00000684, 0.99998629, 0.99999851],\n",
       "       [0.9999994 , 1.00000131, 0.99999483, 1.00000372, 1.00000008,\n",
       "        1.00000112, 0.99998998, 1.00000489, 1.00000576, 0.99999753,\n",
       "        1.00001351, 1.00000781, 0.99998908, 1.00000633, 1.00000065,\n",
       "        1.00000011, 1.00001789, 1.00000076],\n",
       "       [0.99999351, 0.99998895, 1.00000723, 0.99999673, 1.00000741,\n",
       "        0.99998998, 1.000001  , 0.99999957, 1.00000255, 1.00000579,\n",
       "        1.00000906, 1.00000057, 1.00000088, 1.0000066 , 1.00001391,\n",
       "        1.00000583, 0.9999912 , 1.00000763],\n",
       "       [1.00000651, 0.99999553, 1.00000202, 1.0000041 , 1.00000023,\n",
       "        1.00000489, 0.99999957, 1.00000112, 0.99999972, 0.99999174,\n",
       "        0.99999074, 0.99999461, 1.00001011, 0.99999942, 1.00000341,\n",
       "        1.00000085, 0.99999697, 1.0000064 ],\n",
       "       [1.00000863, 0.99999841, 0.9999886 , 1.00000124, 1.00000824,\n",
       "        1.00000576, 1.00000255, 0.99999972, 1.00000112, 0.99999356,\n",
       "        0.99998953, 1.0000009 , 0.99998709, 1.00001024, 0.99998624,\n",
       "        0.99999725, 0.99999249, 1.00000342],\n",
       "       [0.99999925, 0.99999434, 0.99999332, 0.99999323, 1.00000967,\n",
       "        0.99999753, 1.00000579, 0.99999174, 0.99999356, 1.000001  ,\n",
       "        0.99999767, 0.9999997 , 1.00000012, 0.99998801, 1.00001944,\n",
       "        0.99999704, 0.99998831, 1.00000458],\n",
       "       [0.99999077, 1.00000137, 0.99999478, 0.99999331, 1.00001377,\n",
       "        1.00001351, 1.00000906, 0.99999074, 0.99998953, 0.99999767,\n",
       "        1.00000112, 0.99999777, 1.00001305, 0.99997963, 1.00000594,\n",
       "        0.9999854 , 0.99998841, 0.99998628],\n",
       "       [1.00000879, 1.00000281, 1.00000578, 1.00000376, 0.99998552,\n",
       "        1.00000781, 1.00000057, 0.99999461, 1.0000009 , 0.9999997 ,\n",
       "        0.99999777, 1.00000112, 0.99998977, 0.99998484, 0.99999398,\n",
       "        1.00000552, 1.00001124, 0.99999373],\n",
       "       [1.00000507, 0.99998399, 1.00000496, 1.00000407, 1.00000798,\n",
       "        0.99998908, 1.00000088, 1.00001011, 0.99998709, 1.00000012,\n",
       "        1.00001305, 0.99998977, 1.000001  , 1.00000278, 0.99999718,\n",
       "        1.00000598, 0.99999221, 1.00000657],\n",
       "       [0.99998411, 1.00000745, 1.00000334, 0.99999606, 1.00000528,\n",
       "        1.00000633, 1.0000066 , 0.99999942, 1.00001024, 0.99998801,\n",
       "        0.99997963, 0.99998484, 1.00000278, 1.00000112, 1.00000283,\n",
       "        0.9999998 , 0.99999184, 1.00000716],\n",
       "       [1.00000061, 1.00000174, 0.99998046, 0.99998931, 1.00001151,\n",
       "        1.00000065, 1.00001391, 1.00000341, 0.99998624, 1.00001944,\n",
       "        1.00000594, 0.99999398, 0.99999718, 1.00000283, 1.00000112,\n",
       "        0.99998944, 1.00000134, 1.00000461],\n",
       "       [1.00000604, 1.00001261, 0.9999893 , 1.00000741, 1.00000684,\n",
       "        1.00000011, 1.00000583, 1.00000085, 0.99999725, 0.99999704,\n",
       "        0.9999854 , 1.00000552, 1.00000598, 0.9999998 , 0.99998944,\n",
       "        1.000001  , 0.99999923, 0.99999626],\n",
       "       [0.99998538, 1.00001796, 1.00000804, 1.000011  , 0.99998629,\n",
       "        1.00001789, 0.9999912 , 0.99999697, 0.99999249, 0.99998831,\n",
       "        0.99998841, 1.00001124, 0.99999221, 0.99999184, 1.00000134,\n",
       "        0.99999923, 1.00000112, 0.99999601],\n",
       "       [0.99999571, 0.99998249, 0.99998139, 1.00000478, 0.99999851,\n",
       "        1.00000076, 1.00000763, 1.0000064 , 1.00000342, 1.00000458,\n",
       "        0.99998628, 0.99999373, 1.00000657, 1.00000716, 1.00000461,\n",
       "        0.99999626, 0.99999601, 1.00000112]])"
      ]
     },
     "execution_count": 38,
     "metadata": {},
     "output_type": "execute_result"
    }
   ],
   "source": [
    "mace_A/kqeq_A"
   ]
  },
  {
   "cell_type": "code",
   "execution_count": null,
   "metadata": {},
   "outputs": [],
   "source": []
  }
 ],
 "metadata": {
  "kernelspec": {
   "display_name": "newEnv",
   "language": "python",
   "name": "python3"
  },
  "language_info": {
   "codemirror_mode": {
    "name": "ipython",
    "version": 3
   },
   "file_extension": ".py",
   "mimetype": "text/x-python",
   "name": "python",
   "nbconvert_exporter": "python",
   "pygments_lexer": "ipython3",
   "version": "3.9.17"
  }
 },
 "nbformat": 4,
 "nbformat_minor": 2
}
